92.349998